655
656
655
653
652
652
653
653
652
655
657
658
658
658
658
655
654
654
654
652
652
653
655
654
651
652
653
652
651
650
651
650
652
656
658
660
663
666
669
668
665
661
657
651
645
644
644
643
646
648
652
652
655
660
657
654
653
654
656
658
659
663
668
668
667
663
658
651
646
645
644
641
645
649
655
660
663
666
666
664
660
657
653
650
648
649
649
649
651
653
656
658
657
657
657
655
654
650
651
650
652
653
654
655
655
658
661
660
659
659
659
656
654
654
655
654
653
653
653
651
649
648
647
649
652
656
658
659
661
664
665
663
662
660
654
650
647
646
647
648
651
656
660
663
666
665
662
656
653
651
649
646
647
649
651
654
658
662
663
662
661
661
658
654
652
651
650
649
650
652
654
655
656
657
658
657
656
656
654
654
654
655
656
653
654
656
656
655
653
652
653
651
649
650
653
654
654
659
662
661
661
663
663
661
658
656
654
650
647
648
648
649
650
649
649
651
655
659
660
660
662
664
664
664
663
664
660
655
652
650
649
647
649
652
655
652
650
650
651
651
652
654
659
659
660
661
659
656
655
653
652
649
647
649
651
652
653
657
661
660
662
662
661
660
659
659
658
652
651
649
648
645
646
647
649
649
652
656
662
664
668
666
666
662
658
655
651
646
646
646
649
649
653
657
661
660
661
663
661
657
654
653
651
650
648
646
645
647
648
653
658
660
664
667
669
666
663
659
654
648
646
645
648
649
652
658
664
661
660
660
659
656
655
655
654
651
648
647
648
648
650
656
659
661
664
665
664
661
654
653
648
645
645
645
647
647
652
657
663
664
666
668
669
664
659
656
654
650
648
649
648
646
646
649
653
657
661
663
666
665
663
661
658
653
648
646
646
646
647
650
652
653
656
658
660
658
656
653
653
651
651
653
653
654
656
659
662
663
665
668
667
662
658
653
648
643
643
645
648
647
651
656
661
660
661
662
662
657
654
651
648
644
644
649
654
657
660
664
667
664
662
659
655
650
647
646
646
646
648
655
661
662
662
663
663
660
656
654
653
649
648
647
648
650
651
655
660
662
665
666
663
658
653
651
648
647
647
648
652
653
655
659
660
657
657
656
656
655
653
651
651
651
652
655
658
659
659
662
663
662
664
663
661
655
651
647
645
642
642
646
650
651
655
661
665
664
663
661
659
653
654
651
649
647
649
654
657
660
663
664
665
661
658
655
651
645
641
641
644
644
650
656
661
664
664
664
664
660
658
655
652
647
645
646
648
651
652
654
656
658
660
663
666
664
662
661
660
657
655
653
649
649
649
651
652
654
656
655
656
659
657
657
657
657
657
659
659
658
657
657
657
655
653
652
651
647
645
646
647
648
651
655
658
659
657
657
657
655
655
657
659
656
656
655
655
654
654
654
655
651
649
651
655
657
660
662
661
656
655
656
654
650
653
655
654
652
652
655
657
656
657
658
658
655
653
654
655
656
656
655
658
656
656
658
659
657
655
655
653
651
651
653
653
652
651
654
655
652
653
656
658
659
657
656
655
655
655
655
656
655
654
656
658
659
661
659
658
653
650
650
650
649
653
655
657
656
656
655
656
655
655
656
655
653
653
654
656
656
656
657
657
656
655
655
667
667
667
663
662
660
657
652
649
648
648
645
646
650
655
656
663
663
665
662
660
659
657
649
645
642
642
641
644
650
659
665
673
678
679
674
665
657
650
639
633
630
630
631
638
648
658
663
668
673
675
672
668
664
655
647
643
641
640
641
646
654
665
671
677
678
679
672
665
658
649
638
632
631
632
638
649
658
664
665
669
673
671
659
655
647
638
627
642
642
635
647
664
679
680
681
677
672
665
650
644
645
647
635
636
644
646
647
650
649
655
660
652
668
671
671
676
676
677
657
647
636
630
628
624
631
647
650
657
679
679
671
679
671
670
659
653
652
643
627
632
626
645
656
666
682
689
682
682
676
661
654
635
638
625
629
643
649
657
661
671
663
664
662
667
665
669
665
661
656
651
643
644
644
638
637
647
652
653
654
658
661
667
668
666
662
655
651
649
643
648
653
650
647
645
649
655
659
662
660
660
657
657
654
653
656
657
656
658
661
662
660
660
661
659
655
653
654
654
648
647
647
649
651
654
662
666
665
665
663
657
648
641
637
638
640
649
655
650
633
620
613
616
625
648
674
705
730
750
759
752
732
707
673
638
602
576
562
563
573
594
621
647
669
688
701
706
699
689
670
648
625
610
606
609
620
640
661
680
692
702
703
695
677
661
647
633
624
618
623
634
643
659
674
685
688
687
682
671
657
646
635
630
624
630
637
647
653
665
671
673
671
667
667
663
658
651
647
645
641
645
649
653
656
661
666
669
667
663
659
658
651
647
646
646
647
649
655
657
657
660
660
659
655
654
653
653
648
650
652
655
653
656
659
661
660
662
661
663
659
657
657
652
647
644
644
646
647
649
655
658
658
661
664
667
667
668
667
663
655
646
639
637
632
636
642
652
658
665
673
676
676
675
669
659
648
641
637
636
636
642
652
661
664
669
677
675
657
650
678
715
735
716
659
582
506
465
476
526
610
698
760
800
808
800
774
739
692
642
598
557
530
531
558
597
636
675
708
736
752
750
731
701
667
637
618
606
604
608
619
628
632
643
654
667
673
683
696
698
687
668
647
630
622
625
635
647
657
665
668
675
681
686
683
671
654
636
620
615
615
623
632
652
671
687
695
683
661
646
646
653
661
662
654
643
638
643
649
651
653
653
659
660
659
662
660
657
650
646
649
653
652
649
645
645
643
650
659
672
679
684
686
678
656
640
629
627
625
638
652
666
673
678
681
681
672
660
648
637
630
634
638
647
656
663
672
672
667
665
662
653
643
643
645
646
645
651
662
672
675
675
673
667
655
645
641
638
636
639
646
655
656
659
672
687
690
684
670
652
626
610
600
602
610
627
649
669
685
690
698
696
688
675
661
649
632
623
622
628
631
638
647
661
672
692
688
695
661
667
660
651
642
633
630
637
639
645
652
658
665
675
682
683
677
667
654
640
630
626
625
633
639
650
660
667
676
677
678
671
660
651
649
643
638
640
646
648
651
658
662
666
667
667
665
663
655
650
651
651
642
643
644
650
653
660
662
667
666
668
666
661
653
647
643
644
641
643
649
656
660
665
671
673
669
660
654
651
644
642
642
643
641
646
653
661
667
675
682
682
677
672
666
657
644
637
634
634
633
640
648
657
662
667
671
671
667
662
657
653
646
644
642
643
643
648
654
658
658
662
663
663
658
653
650
651
649
649
652
656
659
663
666
669
667
664
660
657
649
646
644
643
641
644
649
652
655
661
665
665
661
658
656
654
650
649
651
653
651
653
655
659
662
662
662
662
657
653
650
650
647
650
655
655
654
653
654
657
656
659
660
661
657
655
654
654
652
653
656
658
658
658
660
661
657
657
655
653
649
649
649
649
647
650
654
658
656
658
659
660
658
658
658
653
648
645
649
654
656
660
663
667
664
667
667
665
655
648
642
638
635
636
641
648
655
664
670
677
675
675
671
667
656
650
643
642
639
641
648
655
656
660
664
665
663
658
653
653
650
648
651
651
650
653
656
658
658
657
660
659
657
656
657
661
654
653
658
655
651
654
657
662
660
659
657
655
647
647
649
651
651
652
653
655
651
653
652
656
654
657
661
664
663
662
660
655
648
646
648
651
649
652
653
657
657
662
665
666
663
661
657
654
649
648
649
645
645
649
650
651
652
656
661
663
661
662
661
663
659
656
655
652
648
649
650
652
650
652
657
660
659
657
660
661
658
657
656
655
651
647
646
649
650
652
656
659
661
663
664
664
660
656
654
651
646
644
645
648
648
651
654
659
658
660
661
662
659
659
658
659
656
658
661
661
659
658
658
655
650
647
649
652
652
651
655
658
660
659
661
663
660
659
655
655
654
656
654
650
647
647
649
649
647
646
653
659
659
667
663
654
661
643
635
647
660
664
663
662
659
652
657
651
659
666
667
668
659
656
651
653
645
647
654
655
659
663
667
659
654
660
660
653
650
650
651
649
637
646
652
654
658
657
663
651
655
663
664
663
658
659
647
648
660
646
655
663
667
666
660
653
641
644
635
635
647
656
663
670
679
673
675
664
654
651
655
655
645
645
641
639
640
642
643
649
654
662
663
667
666
667
661
655
645
638
635
633
631
636
647
658
665
669
672
675
672
670
668
665
660
656
658
656
653
656
657
656
655
653
654
656
654
655
657
658
655
656
656
658
656
655
657
661
659
658
657
655
651
651
653
655
652
654
655
654
652
652
651
651
650
653
656
658
656
658
660
660
658
656
655
654
650
647
649
650
648
653
656
660
658
661
663
663
658
656
651
649
645
645
649
651
653
657
658
658
654
654
654
655
655
657
658
661
660
660
663
661
651
641
631
621
617
622
636
658
679
702
718
725
718
702
679
655
626
607
595
597
605
625
651
674
689
703
707
703
691
678
661
642
624
613
608
609
612
625
640
657
669
679
685
685
676
668
655
640
625
619
623
632
642
657
670
681
686
690
686
682
674
666
658
649
640
635
636
639
639
641
645
649
648
653
659
662
662
664
663
661
657
656
655
655
648
648
650
653
655
659
664
666
668
667
666
663
653
649
646
643
640
642
645
650
652
656
662
665
662
659
659
658
651
652
651
650
652
658
665
669
669
671
671
669
662
655
648
642
631
627
628
632
640
657
673
677
673
710
763
797
779
706
587
464
371
335
373
476
617
764
887
969
989
955
879
777
653
541
454
400
390
429
505
601
690
766
814
823
805
777
729
675
613
567
538
528
540
569
613
665
712
736
747
750
731
715
682
640
606
584
580
589
599
618
639
665
689
702
706
707
705
693
679
659
635
621
611
607
616
631
646
656
657
667
676
691
696
692
680
659
638
624
619
627
634
645
651
659
660
665
668
659
652
654
657
662
662
662
663
667
663
662
654
647
646
655
659
664
659
652
644
633
616
611
619
635
653
663
693
703
704
695
682
667
642
631
624
626
626
633
639
647
664
672
686
696
691
680
668
651
638
631
629
629
632
641
653
663
670
674
672
671
661
653
650
647
645
648
659
661
657
657
655
657
659
661
663
664
654
647
644
643
642
645
645
648
651
657
664
667
661
661
655
651
648
651
650
656
660
662
665
669
661
660
656
655
653
652
651
649
642
641
640
642
644
651
659
667
672
678
677
673
668
662
656
649
639
628
610
591
574
571
584
614
652
701
749
785
799
799
782
745
697
647
604
568
545
540
552
578
608
645
682
710
723
730
722
705
677
651
625
604
590
589
599
616
636
658
679
695
701
700
692
680
663
646
633
623
617
618
627
639
651
666
678
682
681
681
678
673
665
658
651
643
637
636
639
642
644
649
654
659
661
664
666
665
662
659
657
656
653
652
653
654
654
656
659
659
657
657
659
660
655
654
652
649
645
643
645
649
651
656
662
665
663
660
658
657
652
651
651
654
655
659
660
661
657
656
656
655
653
652
651
651
649
650
651
653
652
654
656
659
659
656
658
658
655
655
654
655
652
652
653
655
654
658
660
657
652
650
649
650
651
656
661
666
666
669
671
667
659
651
644
640
635
639
643
647
650
657
663
669
671
671
670
666
656
650
642
639
636
639
646
653
658
663
667
669
665
663
660
656
649
645
647
648
647
650
654
659
659
660
663
663
660
659
658
655
646
646
646
647
649
654
659
661
659
658
661
663
663
664
662
659
651
646
643
643
644
649
655
661
661
660
662
661
655
655
652
647
643
644
648
654
656
660
665
669
668
667
666
663
654
647
643
644
645
648
651
654
655
656
659
667
663
665
667
662
655
651
650
648
642
644
645
648
650
655
662
667
666
665
664
663
656
653
650
647
643
648
654
659
661
662
663
662
657
653
652
648
646
644
649
652
651
653
657
657
655
658
657
657
654
655
655
657
656
658
662
662
660
663
661
659
654
652
651
651
650
651
652
650
645
647
652
655
656
660
663
664
663
662
662
663
659
653
651
647
643
642
645
649
652
658
662
665
659
655
653
655
651
650
651
651
653
657
661
665
662
661
659
654
650
648
644
646
644
652
658
665
664
664
667
670
664
660
655
652
644
641
641
641
642
650
657
664
670
673
676
673
666
659
653
647
639
640
641
647
649
655
660
663
662
664
662
662
653
644
642
642
643
646
650
662
658
655
655
663
669
671
663
654
651
649
646
647
649
657
660
662
660
662
650
651
656
656
657
653
645
641
644
658
669
673
675
673
655
648
643
647
651
643
647
648
644
646
660
670
664
663
665
667
671
673
657
657
652
640
644
640
648
646
663
654
643
640
641
646
642
640
651
654
653
670
675
675
666
669
678
669
640
640
642
637
631
637
638
643
651
666
676
684
673
676
663
667
664
661
652
643
644
647
646
647
647
656
658
664
668
663
659
654
647
643
643
644
647
655
663
666
664
663
663
665
658
655
652
648
629
607
588
575
576
599
638
683
725
760
782
791
775
755
724
689
651
622
601
591
589
597
614
631
644
654
661
661
651
643
631
622
613
611
620
629
637
653
669
684
693
698
700
695
680
665
652
638
624
616
615
622
629
646
666
683
692
696
694
684
666
653
642
632
627
629
632
643
652
662
673
679
677
674
669
661
649
639
636
635
637
643
653
662
666
672
675
675
670
663
656
646
639
634
633
635
636
645
657
666
668
671
674
678
672
670
666
661
654
651
650
646
675
728
766
755
689
595
490
412
382
412
506
630
749
852
911
927
902
839
759
659
562
491
455
452
475
539
614
689
749
791
813
811
772
720
662
602
553
523
513
526
563
614
674
723
761
782
783
767
723
681
635
603
576
555
552
565
586
616
656
703
728
748
750
736
705
673
643
614
599
592
590
591
604
628
661
688
697
715
723
712
685
665
648
634
617
610
608
606
609
623
647
673
688
704
711
708
698
682
667
648
621
603
600
602
612
627
650
667
684
691
694
695
686
676
655
640
626
623
623
625
631
644
662
669
674
700
702
691
670
655
639
629
624
629
635
641
649
658
670
681
681
681
677
669
655
649
642
637
631
634
644
653
661
670
675
677
670
661
659
650
643
643
641
645
643
651
655
658
658
659
655
654
649
652
649
648
647
658
660
665
661
663
664
664
662
656
653
650
645
649
649
646
643
648
647
652
653
653
657
656
655
654
654
655
656
659
670
672
671
674
675
677
669
668
661
645
631
616
609
605
603
606
607
610
619
638
667
700
729
755
770
773
762
740
707
669
631
598
572
560
556
571
597
625
655
681
703
713
711
701
683
661
639
618
606
599
599
611
631
654
671
689
700
705
697
686
671
658
641
631
625
623
622
630
640
653
663
674
682
685
681
677
670
661
651
643
639
637
634
637
645
652
656
661
666
668
668
667
664
661
654
650
648
647
645
646
649
653
655
659
661
662
658
656
652
647
642
643
645
650
653
659
666
671
671
673
671
667
658
650
645
642
638
640
644
649
653
657
663
669
668
668
667
665
656
652
648
645
642
640
642
646
648
653
658
664
664
665
665
665
658
656
654
651
650
649
650
654
653
657
660
661
659
659
659
658
652
652
651
651
650
650
654
657
657
659
660
660
655
656
656
656
653
654
653
650
647
645
649
653
653
656
658
661
659
660
666
664
662
660
657
657
654
652
651
651
649
648
650
652
654
658
660
664
664
665
664
662
658
656
655
652
647
646
645
646
646
649
653
657
659
663
665
665
662
660
657
655
652
651
652
653
654
657
658
660
659
658
658
659
657
658
656
653
649
650
653
655
653
655
657
657
655
656
658
659
656
655
656
657
654
653
652
651
649
652
656
660
659
662
661
660
657
656
654
653
647
647
642
643
643
647
652
657
661
664
668
668
667
665
663
662
656
653
652
650
646
648
649
652
651
651
653
655
655
656
660
662
659
658
658
657
651
651
651
653
650
651
651
653
652
654
659
661
656
657
656
657
653
653
653
655
654
654
655
657
656
657
658
657
655
656
656
654
651
652
654
656
655
657
659
661
660
663
664
663
657
654
650
649
645
645
649
651
652
656
660
663
660
661
658
655
648
648
647
648
648
651
656
660
663
667
668
668
664
661
658
653
648
647
645
645
642
644
650
655
658
661
665
666
663
660
657
654
647
648
649
650
649
654
658
663
663
663
665
660
656
656
652
649
645
646
650
652
652
654
654
656
657
659
663
662
660
659
659
658
653
652
651
653
653
653
655
656
654
654
654
656
652
651
652
653
650
652
655
658
654
658
660
661
657
657
654
652
647
647
650
653
658
660
664
665
666
666
664
662
654
648
643
641
640
640
646
654
659
663
668
670
666
661
656
652
645
645
646
648
650
654
659
664
665
664
663
660
654
649
648
647
644
646
651
655
659
664
671
675
673
667
662
654
642
636
634
638
636
642
648
656
660
667
671
674
671
668
662
657
647
643
641
641
639
640
640
642
646
655
665
673
675
675
676
674
664
659
651
645
640
645
651
657
661
664
668
668
665
662
660
656
649
646
645
644
639
643
643
649
652
659
663
666
665
663
661
657
650
650
647
646
643
647
653
659
660
663
666
665
663
659
653
647
643
644
650
655
655
658
658
658
656
659
661
661
662
663
661
658
656
656
654
655
652
653
653
653
648
643
639
631
623
618
619
627
641
659
679
695
705
710
709
699
683
669
657
644
631
621
615
613
616
630
647
663
675
686
693
694
688
681
671
660
647
636
627
619
612
612
614
625
632
647
662
671
676
679
683
688
688
682
677
669
657
651
645
643
641
647
654
660
660
662
662
659
653
650
645
643
636
636
637
639
644
650
658
666
668
672
671
672
666
665
663
661
656
652
647
645
642
644
650
657
659
665
667
670
669
665
657
648
638
635
632
634
635
639
645
648
662
688
717
703
630
523
433
391
427
540
699
851
966
1022
1022
1022
948
819
660
492
339
240
198
219
296
403
543
683
809
900
956
959
917
844
746
648
559
492
455
448
479
536
609
691
755
789
795
777
743
706
658
613
581
574
584
601
604
608
618
644
682
733
777
790
766
719
662
615
585
579
580
589
594
602
613
626
640
661
681
699
710
718
718
711
698
683
664
642
619
612
612
619
626
640
649
657
663
671
677
682
669
630
580
541
538
589
671
760
846
903
912
870
795
714
609
507
423
381
383
417
480
571
669
754
815
853
858
830
774
702
625
564
513
494
505
534
575
629
701
757
789
802
796
760
701
644
588
554
540
549
566
598
631
664
705
728
729
731
718
698
661
637
620
611
609
618
643
668
674
674
675
668
652
653
651
664
666
665
655
658
646
637
637
642
645
638
630
637
640
649
668
683
686
685
679
670
659
655
647
641
635
639
644
645
646
657
665
669
660
661
665
662
656
655
649
641
637
641
648
668
672
673
668
659
651
640
637
629
635
652
667
685
690
690
671
660
653
657
644
639
619
611
622
629
644
670
692
695
703
703
688
664
652
648
669
659
622
591
579
600
634
662
689
712
719
727
709
672
646
614
578
579
590
623
667
700
713
697
684
661
648
642
639
643
637
643
646
644
643
648
654
665
677
687
691
687
675
662
645
629
609
606
610
621
630
651
666
686
691
695
694
688
677
664
650
637
629
627
627
632
637
649
663
673
677
682
686
680
667
655
645
636
629
633
638
645
650
657
665
671
671
671
668
664
657
653
649
646
644
644
647
651
654
658
661
662
659
660
663
662
656
653
650
647
644
647
650
653
654
655
656
659
660
663
664
665
661
662
659
658
656
655
652
650
648
650
652
652
651
650
652
652
650
654
657
660
660
661
663
663
657
655
652
652
647
651
653
653
652
655
657
660
658
663
664
665
660
662
658
654
650
649
646
645
643
647
650
656
656
659
661
661
659
659
659
657
653
652
652
655
654
657
661
660
657
655
654
655
652
653
655
656
652
653
652
653
650
652
654
655
653
653
654
654
655
659
663
667
667
667
666
663
658
654
649
647
642
642
644
647
649
653
659
666
663
665
665
663
655
652
650
647
643
646
649
654
655
661
663
668
664
663
662
659
652
649
645
642
640
643
645
651
656
663
668
671
665
663
660
657
653
647
647
647
648
652
657
658
657
659
659
661
657
659
659
658
655
653
652
651
647
647
649
652
652
657
659
660
658
660
662
663
661
656
651
649
646
649
652
657
659
662
663
664
664
665
663
660
654
652
649
646
643
644
649
653
655
659
663
662
660
660
659
657
655
652
658
652
656
658
658
656
651
653
655
659
657
657
659
656
651
644
643
646
645
648
652
658
660
662
665
667
663
662
663
660
652
647
646
645
644
648
651
658
658
660
661
662
659
661
662
662
658
659
657
655
651
651
650
651
649
649
651
653
652
651
649
650
653
655
657
660
660
661
660
661
658
659
659
657
652
651
650
649
644
643
643
646
649
656
663
669
672
675
677
677
673
670
665
657
646
640
632
629
624
629
636
644
650
661
669
673
673
674
672
667
659
653
649
648
647
648
646
641
628
621
617
619
623
637
657
680
699
716
727
729
718
704
686
669
652
640
638
639
643
652
661
666
659
650
636
621
603
594
590
592
598
613
631
653
675
705
722
730
727
722
710
689
663
645
632
625
619
621
626
631
629
633
635
638
638
643
648
656
662
670
678
686
683
684
680
675
663
656
651
651
646
646
645
649
647
649
653
657
657
660
662
662
656
655
652
649
642
642
641
644
647
653
659
667
665
666
667
665
656
651
645
643
641
645
647
655
653
659
665
668
669
670
670
667
659
653
647
642
640
648
676
726
717
612
459
333
276
330
498
742
998
1022
1022
1021
1022
848
611
388
208
101
71
99
183
335
525
728
904
1022
1022
1021
980
827
659
505
376
298
287
332
428
548
683
804
900
952
963
920
838
731
611
513
451
422
423
448
502
573
649
718
770
793
797
777
746
707
666
630
605
599
602
618
644
669
691
704
713
710
701
679
654
635
618
607
602
608
619
631
648
662
668
669
655
592
508
470
492
585
740
910
1021
1022
1021
919
771
599
436
300
228
215
250
342
475
636
779
882
956
991
961
876
769
657
551
465
420
415
445
505
589
678
754
802
832
831
804
756
695
631
578
538
523
526
548
583
630
680
716
744
761
759
740
714
679
644
614
582
569
581
602
623
654
681
702
710
710
716
691
667
660
656
652
628
615
605
598
603
615
636
665
691
713
725
721
702
678
652
626
602
588
585
595
611
636
663
690
710
718
725
713
691
664
637
618
606
619
622
639
644
660
668
668
656
660
664
670
676
680
683
679
665
651
634
615
607
612
632
650
665
676
687
694
693
692
681
666
646
629
616
609
609
620
634
652
664
678
687
690
685
679
669
656
642
635
631
632
632
643
654
664
668
672
671
668
659
655
650
645
639
639
641
644
648
655
661
666
666
669
669
667
661
654
646
644
642
644
650
656
658
665
667
668
663
663
664
659
650
645
643
644
644
650
655
662
663
667
666
667
661
656
650
646
643
641
644
650
653
657
662
667
667
668
669
662
654
647
643
642
643
651
661
668
672
672
674
670
662
655
651
649
643
644
645
648
650
655
658
659
658
660
661
661
656
655
657
657
650
649
647
648
645
647
651
660
663
669
669
669
660
656
653
651
646
643
642
644
649
654
661
666
667
669
666
668
662
660
654
650
642
640
639
640
644
651
658
661
663
665
668
667
662
660
655
650
643
644
649
650
649
651
655
661
659
662
663
662
656
655
650
651
647
646
651
653
656
657
662
664
661
660
657
655
649
647
648
652
653
658
663
663
662
661
662
660
655
655
653
651
648
650
651
651
652
655
657
660
659
659
660
659
655
653
651
650
649
649
650
652
652
657
660
663
666
666
666
665
660
659
655
651
643
642
640
642
642
649
655
660
665
663
666
669
666
659
653
650
643
646
651
656
655
657
658
658
655
656
659
658
656
657
656
654
652
652
652
651
650
651
654
657
657
660
662
663
661
661
662
663
661
660
659
656
649
647
645
642
639
640
644
651
653
659
664
669
668
668
666
660
652
647
646
644
642
648
655
659
660
661
661
662
658
658
656
653
651
652
654
657
655
656
657
658
655
654
653
651
645
646
650
652
653
657
661
666
666
667
666
665
659
655
653
653
649
650
654
656
655
653
652
653
651
653
654
658
657
658
657
655
652
651
650
652
650
652
654
656
653
656
658
658
655
656
655
655
653
653
657
660
659
660
661
661
659
659
658
656
651
650
649
650
648
651
655
659
657
660
663
663
660
653
646
645
644
648
652
656
655
654
652
648
644
646
648
648
645
644
646
649
653
662
673
688
698
707
708
701
686
673
656
643
626
616
611
614
618
628
642
651
657
663
666
667
659
656
648
643
634
638
644
654
667
679
686
696
697
697
688
676
659
642
620
606
591
594
606
625
646
670
691
705
708
703
694
680
660
643
628
617
609
613
625
638
650
667
680
688
684
680
673
664
649
638
628
627
625
635
648
661
672
683
690
690
683
675
665
659
656
667
666
637
577
500
427
382
406
532
711
889
1022
1021
1021
1021
887
711
535
388
285
224
222
266
352
480
616
738
845
915
944
927
865
785
702
618
551
507
494
498
533
584
635
687
731
757
769
760
734
700
670
638
605
575
562
575
602
630
651
670
692
710
721
706
677
653
641
632
620
615
614
621
634
643
649
658
673
681
688
695
705
719
719
696
653
600
573
572
588
611
632
650
675
705
727
733
727
709
681
640
605
589
587
592
604
621
644
672
694
698
692
685
682
671
651
633
628
642
657
660
658
652
643
640
645
644
643
643
654
666
675
675
670
658
646
636
632
641
657
676
692
700
695
677
656
632
612
596
595
605
632
664
687
705
717
720
714
695
668
641
622
608
603
602
610
628
651
668
683
694
697
693
683
672
659
644
631
636
648
653
651
642
629
620
619
627
646
660
673
683
687
679
677
677
674
679
672
655
639
621
613
599
597
609
614
628
663
695
726
738
734
735
717
683
638
604
598
576
559
551
586
640
680
709
736
753
759
729
698
653
618
599
581
583
591
608
634
666
686
697
706
699
686
679
675
665
643
628
616
609
614
624
639
661
678
691
698
695
686
670
654
639
630
622
622
626
636
646
657
668
675
678
676
673
666
658
648
643
640
637
634
637
643
649
658
666
673
674
674
672
667
658
649
645
643
642
642
646
651
653
658
666
672
673
672
671
666
657
649
643
641
639
640
644
646
649
653
657
663
665
667
667
668
662
655
650
647
643
642
645
648
651
654
659
664
665
663
660
655
647
644
643
644
645
649
656
665
671
675
679
676
668
660
653
645
637
635
635
639
645
653
665
672
674
673
671
666
657
650
647
644
641
637
640
647
653
658
663
669
670
669
667
662
652
646
647
647
646
647
651
656
659
660
661
661
661
656
653
650
646
646
649
651
654
656
658
659
661
662
662
663
660
658
657
655
653
653
656
658
658
658
657
658
657
654
652
651
647
649
648
647
648
653
658
662
663
662
663
662
660
659
659
658
655
650
649
647
647
648
650
653
653
653
655
656
654
653
655
657
655
656
658
660
659
657
657
656
653
651
652
653
652
652
654
655
654
655
659
661
661
661
660
658
654
652
650
650
649
648
650
654
656
655
658
658
654
654
654
653
650
649
649
650
650
651
653
658
658
661
662
663
664
663
663
661
658
655
655
654
652
649
645
642
642
646
653
660
665
668
672
670
668
664
661
657
650
645
646
647
647
650
653
654
655
656
660
662
661
658
656
655
649
647
648
651
650
653
659
664
665
664
661
659
656
652
652
649
647
647
650
653
652
654
655
656
656
658
660
662
661
660
662
659
655
651
650
650
648
649
650
652
653
656
658
662
661
661
661
659
655
652
651
650
649
650
651
654
653
654
656
658
656
656
652
647
645
647
651
656
661
666
671
676
677
676
672
667
659
651
642
637
632
631
633
639
641
648
655
663
665
667
671
668
664
659
653
649
646
646
650
654
657
658
664
664
659
656
651
645
640
639
638
641
646
653
662
669
671
675
677
675
670
667
663
660
654
650
648
647
643
641
639
640
640
642
646
652
657
663
670
675
673
672
669
665
657
647
641
638
634
634
638
644
651
660
664
668
666
668
667
665
659
656
658
657
657
657
659
657
654
652
652
651
648
645
643
646
649
654
660
660
651
635
616
601
591
601
627
661
696
732
759
774
775
766
749
719
686
651
622
593
574
564
561
568
580
596
614
629
642
653
662
669
671
671
671
672
672
674
677
677
674
678
681
683
679
673
664
652
642
636
632
629
626
627
632
641
648
655
660
662
662
661
662
663
661
657
654
649
647
650
651
655
657
663
670
674
677
674
671
666
657
651
643
636
630
628
630
631
638
648
665
683
696
719
761
833
841
733
558
354
204
159
232
405
644
887
1022
1022
1022
1022
956
742
525
329
183
102
105
194
348
532
709
862
973
1022
1022
1007
891
746
591
464
386
364
384
433
498
584
684
787
867
900
883
822
742
657
585
539
513
499
499
527
589
660
727
765
792
770
761
732
678
621
573
547
541
558
585
627
668
711
750
761
747
724
697
681
671
650
612
584
554
541
545
566
591
626
665
700
722
736
743
741
731
711
678
653
625
602
586
585
599
619
646
676
700
713
717
711
697
688
672
654
630
603
584
577
588
612
646
687
719
733
732
714
688
658
625
597
583
582
597
619
646
667
687
700
703
703
697
686
671
655
636
624
616
616
621
631
648
663
675
685
685
683
674
665
653
638
628
629
635
646
658
667
676
680
677
671
660
647
639
633
635
639
644
655
665
669
671
669
663
659
655
655
656
654
649
648
644
643
643
648
658
664
666
666
662
662
662
664
664
659
654
649
644
638
634
640
648
656
663
670
672
669
663
657
654
647
640
637
636
638
641
646
655
662
671
677
679
675
671
666
659
650
641
638
640
645
653
665
674
678
676
669
662
654
644
641
638
638
640
648
656
665
667
671
671
664
656
651
647
642
639
642
644
646
650
655
660
663
664
665
665
663
659
657
654
650
645
646
645
647
646
650
651
652
654
660
662
665
666
667
666
665
663
660
655
650
645
643
642
641
640
641
645
649
654
659
663
665
668
670
670
667
661
655
651
646
642
644
649
652
657
663
666
667
666
665
665
662
655
653
651
650
646
646
647
648
653
659
662
664
669
669
668
660
645
636
630
631
635
642
650
656
662
667
672
674
674
672
668
660
654
647
644
643
643
647
651
656
661
666
668
669
667
666
664
658
652
649
648
647
646
650
653
657
659
661
660
662
661
658
659
655
653
653
653
653
651
651
653
652
649
650
653
653
656
658
659
659
658
656
655
655
654
656
659
659
658
660
660
657
653
653
651
649
645
640
642
647
650
656
661
663
664
664
665
665
663
664
660
657
649
645
642
642
640
644
648
655
658
664
668
668
662
659
656
652
649
649
652
654
658
663
667
668
664
660
657
651
643
638
635
634
636
637
642
649
653
661
667
672
674
678
682
682
676
669
658
645
631
622
618
622
631
644
660
672
680
685
689
689
681
674
664
652
638
628
622
621
626
635
648
662
673
685
690
686
679
665
653
641
633
626
618
618
625
639
654
669
681
692
697
696
689
678
666
651
635
628
622
620
621
633
646
661
671
679
684
684
682
678
672
662
654
646
638
635
634
636
638
640
642
646
650
650
652
655
657
660
660
663
664
663
660
658
654
649
634
618
599
580
573
587
616
656
703
745
775
789
788
782
769
751
731
715
697
675
648
615
575
529
479
442
420
423
451
509
587
672
755
822
866
885
878
846
796
729
659
596
547
519
508
521
553
599
646
694
733
757
763
750
720
677
631
591
564
556
565
591
627
664
690
711
724
729
728
724
718
694
653
592
528
495
494
537
609
695
767
814
831
814
774
712
639
576
529
499
497
525
569
623
674
720
755
779
789
773
727
670
630
600
577
566
561
565
590
633
675
709
733
745
741
729
712
681
639
601
568
560
581
615
643
650
652
670
693
716
723
704
670
641
637
649
658
657
633
614
614
633
664
686
672
657
657
671
686
693
670
641
633
636
637
639
615
611
627
646
658
671
683
684
686
691
685
673
653
639
631
628
631
643
653
661
672
681
685
674
657
647
642
640
657
667
665
642
623
625
635
652
665
674
674
664
654
656
666
668
666
658
648
637
630
641
660
672
667
658
646
636
639
654
669
690
692
679
652
625
612
618
632
651
665
674
677
681
683
679
675
665
649
638
629
623
627
634
641
644
655
670
680
682
684
683
675
665
651
640
631
621
620
629
642
656
662
673
673
668
662
659
656
654
653
652
651
651
650
651
652
655
657
659
662
661
659
656
653
654
653
658
660
659
655
652
653
655
654
654
653
653
652
654
656
657
660
666
670
672
666
663
657
650
643
643
644
652
652
655
655
658
659
662
662
664
661
659
657
655
652
650
649
645
644
645
647
649
652
658
661
662
662
663
664
665
662
661
657
652
646
644
640
639
639
644
649
653
660
665
670
670
666
664
655
650
647
648
649
650
652
656
657
657
658
661
663
662
660
659
656
653
648
647
646
647
650
650
653
655
658
661
664
657
661
669
663
654
650
650
653
654
653
652
651
646
646
648
653
657
658
660
659
660
656
653
649
647
646
651
654
657
658
662
664
666
664
664
665
662
660
659
657
656
651
652
651
650
650
652
653
654
653
657
661
663
661
662
662
660
658
657
658
655
652
653
650
651
648
647
649
654
657
662
664
663
663
663
660
657
653
649
645
642
640
643
647
651
657
660
667
666
663
661
660
658
655
653
650
646
644
648
652
655
658
661
662
659
656
656
656
654
646
642
639
641
644
651
657
664
667
672
673
671
665
665
664
658
654
651
647
647
646
649
655
660
661
665
667
664
662
661
658
654
649
647
646
646
644
646
651
654
654
656
657
656
651
650
648
647
649
652
655
659
660
663
664
663
659
658
657
655
653
653
650
647
647
647
651
654
659
664
668
668
663
659
655
650
646
645
647
652
655
660
665
667
663
661
657
652
647
644
645
644
649
654
659
664
665
667
668
667
665
663
663
662
660
658
656
653
648
643
637
634
630
631
637
640
649
660
669
673
675
678
673
664
653
645
641
634
622
608
599
597
612
642
676
708
733
746
744
735
727
723
721
723
725
725
713
684
638
583
526
475
438
429
446
486
547
621
699
766
817
847
853
833
791
736
675
619
575
550
542
550
574
610
650
687
713
732
735
723
696
666
637
612
591
582
585
598
620
649
677
698
715
720
712
697
676
655
637
623
618
620
627
635
643
651
657
661
663
668
670
669
664
662
656
654
656
667
675
671
650
618
585
559
557
597
658
724
774
797
787
759
720
679
632
587
560
547
548
560
584
616
647
682
711
744
765
761
729
687
649
619
594
580
576
582
602
636
658
675
701
727
729
709
689
672
654
633
624
616
626
638
647
648
653
660
656
651
643
640
642
646
656
659
656
653
664
678
681
679
677
678
673
651
626
623
628
635
635
633
648
668
691
706
696
683
659
653
639
634
632
631
629
634
645
655
661
670
675
677
676
672
655
638
620
615
625
639
653
670
680
686
689
681
668
656
641
634
636
639
645
656
666
670
664
662
655
654
656
662
666
665
656
643
634
634
640
650
661
671
672
669
664
657
647
641
640
641
643
650
659
664
669
670
665
656
649
653
663
667
667
668
663
651
639
628
624
628
637
655
672
686
694
694
682
664
646
635
633
633
637
643
650
652
653
655
662
669
675
675
671
662
650
642
636
632
635
636
636
641
653
665
676
678
673
668
664
661
653
651
651
649
650
651
652
651
652
654
657
659
659
661
664
666
662
661
661
655
651
648
650
653
653
660
662
664
661
662
660
656
650
643
642
643
647
649
652
654
656
659
662
663
659
659
658
654
651
653
653
653
654
656
656
657
658
657
656
653
650
650
651
652
652
654
657
657
655
656
656
652
649
650
652
654
655
656
657
658
656
654
653
652
653
658
660
662
662
664
663
661
658
655
655
653
650
651
652
654
652
654
655
656
654
655
654
654
653
653
654
654
652
654
656
656
658
662
663
663
662
662
660
657
649
645
645
647
648
652
656
659
662
666
669
667
663
661
657
650
645
643
643
642
644
650
655
658
663
666
667
664
661
659
656
652
647
645
643
643
644
650
654
657
661
664
666
665
662
658
652
649
645
646
649
651
654
659
663
663
663
665
664
660
655
653
650
648
642
643
645
648
651
656
659
661
663
665
666
665
661
661
659
655
650
648
646
646
646
650
656
658
661
664
664
660
655
650
647
649
650
653
655
658
659
660
664
665
662
660
658
653
650
649
650
649
649
654
657
660
659
661
661
660
657
655
653
648
647
647
650
650
651
652
657
660
662
664
663
661
660
656
654
651
649
649
647
647
649
653
657
658
659
662
662
659
658
657
656
653
650
651
651
651
649
650
653
656
658
662
665
663
661
660
659
656
653
652
651
648
646
648
650
651
653
655
658
658
654
654
658
657
658
661
660
657
657
659
663
665
663
662
658
653
646
643
643
643
646
652
656
659
661
663
665
664
662
661
660
656
653
652
651
645
643
643
645
649
652
657
661
663
662
661
660
660
655
655
655
653
650
649
650
650
651
655
656
658
657
657
658
655
656
657
659
657
653
653
652
652
651
655
660
662
663
664
665
662
659
658
655
652
650
649
651
653
654
657
660
659
655
653
651
652
655
660
665
669
669
670
665
660
654
648
642
637
629
629
632
637
644
656
666
673
677
679
677
669
658
651
643
636
631
636
639
647
655
662
670
671
669
667
660
656
652
649
651
650
650
651
656
658
659
661
662
661
656
659
660
660
655
653
653
655
649
648
643
642
643
643
648
654
658
665
672
671
667
660
648
640
631
631
629
627
624
633
641
654
679
705
726
735
739
739
729
717
694
671
642
615
593
581
576
577
586
602
618
636
652
666
675
677
676
668
660
654
649
647
649
653
658
665
670
675
676
679
679
677
672
672
669
662
653
645
636
627
620
616
619
626
638
655
668
682
690
693
690
675
662
649
640
634
631
635
643
647
652
659
671
678
679
674
674
670
660
652
648
643
639
639
637
636
637
646
655
662
667
670
670
669
666
665
662
655
646
637
631
632
637
647
660
670
675
676
675
673
666
656
649
641
637
639
643
649
652
660
665
667
661
656
654
653
655
667
631
607
632
686
710
688
642
606
595
623
688
743
773
791
769
722
660
590
535
494
472
475
508
562
632
702
758
803
827
817
797
758
709
647
592
552
524
513
524
561
605
645
690
733
767
772
770
746
705
660
609
575
555
543
551
583
624
664
706
746
760
752
735
703
670
637
609
588
582
582
597
618
647
673
695
711
721
717
700
683
653
632
620
615
615
615
619
632
650
663
670
679
684
688
683
675
673
670
666
660
651
636
618
619
626
632
635
644
658
670
678
683
682
673
659
644
632
624
631
645
657
665
664
663
659
655
652
657
664
669
672
673
672
668
657
646
638
632
631
634
639
645
651
660
669
673
674
672
667
661
651
642
629
618
637
683
736
762
739
689
626
567
526
508
520
566
627
689
740
776
793
790
764
723
680
638
597
566
549
551
570
596
627
662
702
734
755
749
729
697
658
622
590
568
562
575
597
627
657
687
712
727
727
715
697
675
647
625
611
603
602
612
627
643
661
678
689
696
695
692
685
673
655
638
626
619
616
621
629
642
655
672
686
698
700
697
690
678
658
642
628
620
616
622
630
639
648
658
666
670
673
672
669
663
658
656
657
655
653
650
648
643
640
644
646
647
649
655
659
667
668
669
669
664
660
653
647
639
637
639
645
651
657
665
669
668
664
661
656
653
651
648
648
649
649
654
658
662
662
666
665
665
664
662
659
652
646
644
642
640
639
645
652
656
658
664
672
671
667
665
663
657
648
644
643
643
643
651
655
661
664
667
669
667
662
657
653
646
639
634
636
640
643
654
663
669
676
678
679
676
665
656
651
644
637
634
636
639
647
656
664
669
671
671
671
664
657
652
648
642
640
641
645
645
648
652
659
661
665
667
668
667
665
661
659
656
652
651
650
649
649
650
652
654
653
656
659
659
658
658
658
658
654
655
654
651
651
651
653
654
653
654
655
658
656
657
658
657
654
656
658
659
660
661
656
651
648
646
648
647
644
646
651
657
662
669
674
674
672
667
662
654
644
639
635
636
637
641
649
655
661
667
667
667
664
660
659
656
652
650
650
650
651
653
656
657
659
662
664
663
661
660
659
654
650
648
648
649
649
650
654
657
659
662
664
662
661
659
655
652
645
644
642
644
647
653
659
662
663
668
672
669
666
662
658
651
645
643
642
643
644
650
657
661
665
669
670
667
663
658
655
648
641
640
643
645
647
653
656
659
662
665
666
662
656
652
649
647
647
652
657
660
662
665
665
663
658
652
646
639
636
640
645
651
654
661
666
669
669
669
669
666
661
658
656
653
651
647
646
647
648
652
655
658
658
661
660
656
651
647
647
645
641
646
651
658
663
670
671
668
657
650
640
634
633
639
651
661
676
690
700
702
698
689
675
656
638
625
617
612
615
628
648
666
681
692
699
697
689
675
654
632
612
600
599
604
615
631
647
658
667
674
680
677
671
666
661
657
654
653
654
654
653
658
660
661
660
662
666
666
667
668
668
662
655
655
652
648
642
629
621
614
614
626
641
659
676
691
701
702
696
688
680
666
650
639
634
630
627
629
637
645
649
652
655
659
663
665
665
662
660
660
661
658
650
636
623
617
630
662
706
739
734
714
692
659
617
585
573
587
599
616
648
685
699
711
719
708
685
665
645
622
614
618
623
634
642
651
670
679
678
679
675
666
660
656
644
633
629
631
630
639
645
643
660
676
675
678
685
682
666
649
637
633
627
625
629
649
656
668
680
684
689
686
679
672
663
652
644
641
634
638
645
651
650
658
662
664
658
662
661
661
657
655
655
650
638
644
646
647
643
643
648
657
662
669
680
681
676
669
664
651
638
624
612
603
594
593
596
601
611
629
653
681
711
735
754
759
752
739
713
681
649
621
600
589
591
604
622
644
663
682
694
699
693
686
676
664
649
639
632
627
625
629
639
649
657
664
668
668
664
661
657
655
649
645
645
643
647
652
656
657
656
658
660
659
657
654
651
649
647
649
653
655
655
656
657
660
658
660
660
656
654
654
654
654
653
652
651
649
646
649
656
662
668
673
672
671
667
661
660
656
648
643
638
637
638
643
650
656
662
670
672
672
668
664
660
656
647
642
638
638
642
647
651
656
658
664
667
667
663
662
658
655
649
645
641
641
641
646
650
651
655
660
665
667
666
666
662
656
653
652
653
650
650
653
657
655
656
657
657
656
655
656
655
654
652
653
655
652
651
653
654
657
659
664
667
667
663
661
659
654
648
645
646
646
650
654
657
661
661
666
670
669
664
660
655
651
647
647
647
646
648
653
655
657
657
658
660
660
659
660
659
654
652
652
651
650
650
653
654
655
655
655
656
654
653
652
653
654
655
657
659
660
660
658
657
653
650
653
655
655
655
657
658
657
652
652
652
652
651
646
645
645
647
651
658
662
664
670
670
672
667
663
659
653
647
644
643
643
646
653
657
664
666
663
666
665
662
656
652
646
644
646
650
652
654
657
659
661
658
656
656
655
652
655
655
652
651
653
653
654
654
656
658
660
659
658
658
654
650
649
650
648
652
655
660
663
664
663
664
662
660
658
655
655
648
646
645
642
643
644
649
653
658
663
664
666
665
665
663
658
654
651
649
646
644
646
649
652
656
660
664
663
661
660
659
654
650
649
650
649
648
650
654
655
653
653
656
659
661
664
664
666
664
666
665
660
655
652
650
648
643
643
645
646
650
656
660
662
660
659
659
657
651
652
652
654
655
657
659
659
658
658
659
656
653
653
652
649
649
652
656
656
659
662
663
660
654
651
651
649
651
654
656
655
654
655
657
655
654
656
658
659
659
661
662
660
658
658
656
653
653
654
652
650
648
650
651
653
656
661
662
661
659
659
658
655
654
655
655
653
653
651
651
647
645
648
654
658
663
667
670
666
664
661
657
653
650
647
647
646
643
646
650
651
651
655
658
662
661
664
662
659
657
658
654
651
649
651
651
653
655
658
661
660
656
656
651
650
650
653
655
656
656
657
657
656
652
652
653
653
653
653
656
658
658
661
663
662
659
656
654
651
647
648
651
652
653
656
658
659
659
661
661
658
654
654
654
652
651
652
655
657
657
660
660
658
654
655
655
653
650
651
651
652
651
655
659
660
657
658
658
657
656
656
655
652
651
654
656
653
651
647
650
653
656
662
665
665
667
667
666
664
661
661
658
651
645
642
640
640
638
638
640
645
653
662
669
674
672
673
670
664
656
651
650
647
648
641
644
656
654
655
655
654
655
658
664
666
661
656
652
649
646
648
649
648
648
651
654
657
659
663
664
663
660
659
657
653
648
648
649
650
652
655
660
664
664
665
666
664
662
660
660
656
650
648
645
642
639
637
639
644
648
655
662
666
668
670
673
673
669
664
660
653
644
641
638
635
636
642
649
658
663
672
678
683
682
679
671
656
640
622
600
586
581
590
614
645
678
710
730
740
735
722
701
675
648
624
611
604
606
620
638
660
682
707
721
729
724
712
689
657
621
590
564
550
551
565
590
614
643
679
708
727
732
731
718
699
669
648
628
620
616
618
627
640
659
672
684
692
691
684
673
657
642
632
621
610
606
614
625
640
658
675
692
704
703
697
683
670
654
641
628
622
620
627
633
644
655
668
680
687
685
684
679
673
654
617
563
501
455
447
509
632
782
921
1013
1021
996
909
789
645
504
393
319
290
313
383
491
613
733
829
887
894
864
805
729
642
571
528
509
514
538
573
614
653
691
720
735
733
728
716
691
664
644
632
623
616
622
632
644
651
662
672
685
689
692
689
679
662
649
636
624
615
620
620
627
640
646
657
679
699
705
693
679
668
659
651
646
641
643
644
649
655
658
652
648
641
638
645
652
649
648
646
650
646
654
665
664
655
640
632
629
640
663
688
709
718
710
691
655
620
592
580
589
617
654
679
702
707
711
701
681
658
643
631
624
613
611
614
628
648
672
688
702
700
699
690
677
653
634
622
612
610
620
632
650
663
675
681
687
684
685
679
671
655
640
627
618
611
616
625
641
656
674
683
688
687
683
674
662
648
638
632
630
628
634
643
653
659
667
672
676
674
672
667
661
652
647
645
646
644
646
652
657
659
663
666
667
662
662
662
658
652
649
647
646
644
645
647
650
649
655
659
664
665
667
669
668
665
661
657
653
644
642
642
645
645
648
653
659
661
663
664
663
659
655
650
649
646
647
648
651
651
656
659
661
659
661
661
660
656
655
654
653
651
650
649
649
650
651
654
656
656
656
655
655
651
655
659
657
656
659
658
660
657
656
653
654
653
655
659
662
657
656
657
658
655
656
652
650
646
646
649
651
652
654
657
658
657
661
664
662
661
662
659
653
647
648
650
651
650
655
658
660
659
662
666
667
660
657
654
649
640
637
637
638
640
648
654
661
664
666
667
671
670
668
664
660
652
651
653
653
651
652
654
660
661
662
661
659
652
651
649
649
647
650
652
655
655
657
660
662
661
656
654
653
649
649
651
653
653
658
660
661
659
659
660
659
655
651
649
647
643
645
648
654
656
660
664
664
658
654
652
650
645
647
655
658
655
657
665
671
668
662
655
649
643
642
647
651
652
656
660
662
662
663
664
664
659
654
655
654
651
650
651
652
648
647
648
649
649
650
655
659
658
658
659
658
654
653
653
653
652
652
655
655
656
659
665
670
671
672
671
665
652
645
636
630
624
625
631
641
652
662
671
675
676
679
676
672
665
662
659
659
657
653
650
642
637
636
639
638
642
649
652
655
664
670
670
661
661
641
639
646
652
664
665
665
663
663
677
671
667
668
658
651
648
633
632
639
633
640
655
658
650
663
668
672
690
684
653
645
644
652
648
647
638
632
635
648
650
660
667
669
667
664
663
659
651
652
656
656
658
661
652
639
620
610
608
617
628
650
678
710
733
749
750
738
717
691
660
632
605
590
586
591
601
621
641
659
669
676
680
679
667
656
650
644
636
636
638
641
643
651
659
666
667
668
666
664
656
656
655
651
646
644
644
647
647
652
658
661
659
655
650
643
636
635
638
649
651
662
671
680
679
677
677
675
664
654
647
642
635
636
642
650
653
661
667
673
673
680
682
680
669
659
650
640
633
627
628
633
638
645
655
665
666
671
671
668
662
658
655
651
646
645
645
647
647
652
655
658
656
660
662
663
662
663
662
660
655
650
643
639
633
638
640
647
657
667
676
684
686
690
685
673
657
645
643
655
680
695
693
653
590
532
496
496
526
581
653
723
786
834
853
838
796
738
674
605
538
485
465
475
516
583
658
725
769
803
810
791
751
701
648
605
570
553
554
571
595
624
653
686
703
714
717
707
692
681
667
647
628
614
604
605
612
629
652
679
679
699
672
676
678
666
652
642
629
633
645
653
655
656
653
649
648
649
650
655
664
673
682
685
676
664
649
640
637
642
646
645
636
626
633
655
679
693
693
682
675
677
678
669
641
613
596
597
609
630
653
673
682
682
678
683
687
694
686
666
639
622
622
629
634
640
647
657
666
672
673
669
657
653
655
655
649
647
645
642
639
643
653
663
670
679
679
673
658
646
639
639
641
649
654
659
657
659
661
666
664
662
655
643
630
623
627
633
640
652
664
673
676
680
679
676
669
665
662
658
646
636
633
639
655
673
685
689
680
669
657
649
635
621
610
605
609
633
662
685
699
709
708
697
678
660
640
623
609
605
611
625
639
660
681
695
700
698
693
683
666
648
630
616
605
604
613
629
645
665
683
699
704
706
699
685
666
649
635
624
614
614
616
625
634
648
662
673
679
682
681
675
665
656
648
642
634
633
635
638
640
648
658
667
672
675
677
676
669
665
660
653
644
643
641
642
640
643
649
655
658
661
665
667
664
663
662
660
654
653
649
649
646
645
648
654
656
660
665
666
663
661
659
657
652
651
651
651
649
651
654
657
657
660
661
659
655
653
653
651
648
649
653
654
653
655
659
660
658
660
661
662
657
659
658
655
651
650
649
647
646
647
653
661
663
667
668
666
660
654
649
642
637
639
644
653
657
664
669
671
668
671
670
665
653
643
637
631
625
625
632
639
648
659
669
671
667
674
671
672
665
651
645
647
648
653
655
658
657
657
659
661
659
660
658
655
646
643
642
643
644
650
659
663
664
664
663
660
654
653
652
654
650
651
655
659
661
664
666
667
664
664
662
659
652
648
646
643
641
640
643
648
651
657
664
667
666
663
662
659
652
648
646
643
639
642
646
652
656
664
667
669
668
669
669
664
655
652
650
647
642
642
644
647
652
656
661
665
664
661
662
661
659
658
657
656
653
652
655
659
661
662
662
659
651
648
643
641
637
641
644
649
654
659
662
665
662
662
660
655
651
651
651
655
654
658
660
665
664
660
655
650
642
637
635
638
641
651
661
669
672
675
675
671
663
656
652
651
646
651
654
658
657
657
655
653
646
645
645
647
648
649
652
655
655
662
664
666
663
663
663
665
660
660
662
662
658
654
652
651
643
642
644
646
646
652
657
663
663
666
668
668
662
654
648
644
638
632
622
616
615
624
644
671
695
716
732
737
723
697
662
621
587
566
564
581
611
653
697
732
750
755
742
709
663
614
571
539
526
532
561
601
647
695
735
761
767
763
745
715
678
641
610
589
576
577
589
607
629
657
682
702
711
715
708
695
675
656
638
627
618
618
625
636
646
660
672
679
678
673
666
657
644
635
630
628
628
632
640
651
660
672
680
686
682
679
671
663
651
645
642
645
643
646
650
655
654
652
651
649
644
643
646
649
652
661
668
673
672
672
670
667
659
656
649
643
634
632
636
642
649
657
664
670
672
673
673
671
666
661
652
641
624
615
614
622
637
662
690
721
773
798
738
631
490
378
346
394
522
713
898
1022
1022
1022
917
763
585
414
289
218
206
266
388
541
700
858
972
1015
998
944
846
722
609
519
439
393
399
440
495
581
667
745
822
875
876
839
787
701
620
558
512
493
509
551
599
640
690
721
749
757
741
725
698
658
615
591
580
583
591
612
640
667
681
701
713
711
688
670
646
614
601
609
612
618
639
674
695
704
694
683
679
666
644
637
637
643
637
633
636
647
660
671
677
684
687
687
686
681
662
640
626
619
621
627
632
638
645
667
689
702
697
684
669
656
641
630
619
612
607
618
639
664
680
690
690
688
686
678
668
653
634
624
621
626
633
641
651
661
664
672
677
686
684
676
663
647
630
629
633
640
647
648
650
652
660
675
682
680
671
663
654
649
647
651
650
644
637
635
641
651
661
670
671
668
666
663
656
654
646
638
631
636
644
653
655
665
676
683
678
677
672
670
656
650
636
631
633
634
636
640
648
658
668
676
683
681
677
669
658
649
640
631
629
635
644
653
660
669
674
676
675
670
655
644
636
635
634
635
640
644
650
662
676
687
691
691
685
677
661
649
638
631
628
632
637
645
647
656
665
671
671
671
668
663
654
647
642
641
638
641
645
650
651
657
658
659
659
660
662
664
662
659
658
656
655
657
659
659
653
652
652
651
648
649
649
651
648
652
656
660
660
661
661
660
657
654
653
653
652
653
655
659
659
663
663
663
658
656
653
646
641
642
644
647
649
656
661
664
663
665
663
661
658
657
654
653
647
648
649
651
653
660
665
666
665
666
663
659
655
652
648
644
640
641
643
647
649
654
660
665
667
669
670
667
660
654
645
638
635
637
642
650
655
664
672
675
676
675
672
663
651
646
640
639
636
641
646
653
654
659
665
668
665
665
663
660
653
651
651
651
648
649
652
656
656
659
662
663
658
656
653
650
647
648
650
652
651
655
658
660
658
658
658
657
655
655
654
655
652
654
655
656
657
660
661
662
658
655
653
651
647
649
650
652
652
655
658
660
658
661
662
661
657
654
653
651
646
649
649
651
653
657
659
660
660
663
665
665
661
659
656
655
648
647
646
647
648
651
655
660
660
661
664
663
657
653
651
650
649
650
652
656
657
661
664
663
659
656
653
652
645
643
643
643
643
649
655
661
664
667
668
666
659
656
654
651
646
648
650
652
652
655
659
662
661
663
661
659
653
653
652
654
653
654
655
657
655
656
658
658
655
656
658
658
655
656
656
657
653
653
650
649
649
653
656
657
658
661
662
660
658
658
658
658
653
652
652
652
648
650
651
653
651
654
658
660
658
659
661
661
658
653
651
646
638
639
640
644
646
654
661
666
666
669
669
663
659
655
653
650
648
647
651
657
659
666
672
675
674
670
665
658
646
639
635
633
631
637
645
654
660
669
677
677
676
673
669
660
648
644
638
634
634
640
646
655
660
668
674
675
671
667
662
656
647
635
627
623
623
632
642
655
666
678
690
695
692
686
677
663
642
627
615
613
614
624
634
648
658
675
689
698
695
695
685
673
659
649
643
640
638
645
654
661
663
666
666
661
650
644
639
632
625
628
633
636
641
650
660
670
676
683
685
679
666
651
635
623
615
616
625
638
650
667
683
697
703
704
695
681
663
648
637
627
621
625
631
639
646
656
663
666
666
666
663
660
656
654
655
653
651
652
656
659
661
665
664
661
653
649
647
647
646
652
659
664
661
663
664
663
661
660
656
651
644
641
640
643
643
651
659
666
668
671
672
669
663
657
653
647
644
646
649
652
652
655
655
654
652
652
649
651
648
650
651
651
651
654
656
660
662
666
669
668
663
659
654
650
644
644
646
650
652
663
670
675
673
670
663
653
641
636
634
638
645
655
660
667
663
627
581
599
694
769
765
732
660
626
625
634
673
694
698
689
648
593
561
537
521
534
572
635
692
747
781
808
801
778
746
689
644
585
552
534
528
548
581
625
664
701
728
736
721
709
680
658
634
613
610
603
606
617
639
659
677
697
715
720
715
689
668
648
620
601
592
594
607
624
650
675
693
707
714
713
700
686
671
654
635
625
621
622
619
627
631
638
647
657
662
665
665
669
671
672
667
664
662
660
655
657
657
657
657
662
666
667
658
653
648
644
638
640
643
644
643
646
649
654
654
659
664
668
665
666
666
663
657
655
653
652
650
650
652
654
651
651
652
654
651
651
652
652
654
656
659
661
658
660
662
662
661
661
662
662
659
659
658
656
651
650
651
653
652
653
655
656
653
654
654
654
651
653
656
659
658
659
658
649
620
556
535
646
796
897
904
855
750
617
471
361
313
342
431
555
693
825
919
964
955
896
800
695
578
493
441
422
439
488
562
647
720
780
814
815
791
745
691
630
577
545
531
539
562
600
642
682
713
737
748
743
725
704
676
647
619
601
597
600
614
640
669
697
716
729
729
718
695
670
640
614
590
577
573
580
593
617
642
669
687
702
706
703
691
676
661
646
629
623
620
624
630
641
652
667
676
687
691
690
681
672
662
654
643
639
635
631
631
637
646
656
662
670
675
677
672
668
662
657
651
648
645
644
643
646
651
660
662
668
670
669
663
660
657
654
648
645
644
644
644
645
650
654
657
661
664
663
661
659
658
656
652
652
653
655
653
656
660
663
660
660
658
656
650
649
649
649
645
646
648
650
652
657
662
666
665
666
667
666
658
654
651
648
646
647
645
646
644
648
653
660
665
669
671
671
668
665
660
656
645
639
639
638
638
643
648
659
662
668
671
670
665
662
658
651
647
646
647
650
648
651
655
658
661
664
665
664
659
657
656
651
647
645
644
645
648
653
656
660
659
663
665
665
662
661
660
656
648
646
644
643
643
648
652
657
658
663
668
669
665
664
659
654
647
644
644
642
641
647
653
660
663
666
667
666
660
655
649
646
645
647
651
656
659
666
669
673
671
671
667
661
651
644
639
633
629
631
639
649
658
669
676
679
675
672
668
660
650
644
641
640
638
641
646
655
660
667
671
672
668
665
660
654
644
641
641
643
642
648
654
661
662
665
667
666
661
660
659
657
652
649
648
649
648
652
655
657
656
658
658
659
656
654
654
654
651
651
652
652
653
657
661
662
660
662
663
664
660
655
652
648
648
648
649
651
649
651
653
657
658
663
665
667
667
663
659
654
644
642
640
639
638
644
649
656
661
667
671
674
671
671
665
660
651
647
646
647
647
647
648
648
649
651
654
658
658
661
661
660
659
659
660
660
658
659
657
654
649
650
651
652
651
655
659
663
662
661
659
658
654
652
651
649
644
644
646
650
651
657
663
665
663
664
662
660
654
652
651
651
648
648
647
648
651
660
666
671
669
666
665
661
657
653
650
645
637
637
639
644
649
659
671
681
683
686
684
677
663
652
641
631
625
625
629
636
643
655
665
672
670
668
664
658
653
650
646
645
643
646
651
658
659
661
664
665
659
657
656
654
651
652
653
656
655
658
660
661
658
658
655
653
649
650
652
654
656
659
664
668
665
664
661
654
645
642
640
640
638
643
649
657
662
666
667
666
663
662
661
660
656
657
658
658
656
659
659
660
656
655
652
650
644
644
642
643
643
645
649
655
656
660
663
666
664
665
666
665
659
658
655
652
647
644
642
643
644
649
653
660
662
669
671
670
663
660
654
647
640
639
642
649
653
662
672
678
676
676
671
661
647
636
629
624
625
633
645
659
671
684
693
694
690
681
668
652
632
617
608
605
606
619
636
655
672
686
695
698
692
686
671
649
619
593
583
591
612
652
698
737
757
752
725
681
632
598
586
598
632
683
734
770
779
767
726
657
581
507
448
419
418
456
527
618
711
799
867
906
905
876
817
742
657
577
511
467
450
465
506
567
634
699
754
789
798
787
759
718
668
619
580
557
546
556
579
612
645
682
714
738
747
746
733
708
675
641
610
589
574
575
586
603
622
649
672
693
704
707
704
694
679
664
648
635
623
621
625
635
646
662
678
687
690
688
684
674
658
645
634
626
621
624
628
637
648
659
669
678
681
686
681
671
657
670
722
722
645
535
429
383
431
543
733
896
1022
1021
1022
900
720
521
349
229
173
191
270
405
563
727
886
995
1021
1022
963
841
716
599
495
414
388
400
444
524
625
716
782
818
836
816
771
717
664
612
565
534
523
533
565
612
659
693
732
762
770
750
714
684
650
622
604
579
571
583
614
647
658
668
688
699
696
683
668
658
654
647
636
628
632
640
644
649
661
672
679
678
679
683
688
673
643
622
623
625
635
643
639
643
657
677
696
701
687
666
655
645
643
646
644
636
632
637
649
657
668
675
680
673
671
663
651
637
628
624
628
636
647
658
671
672
676
677
674
666
659
648
641
646
643
648
652
647
644
647
653
656
657
659
659
659
664
668
678
676
671
660
651
639
638
640
647
651
660
661
657
651
653
656
661
660
659
656
651
643
643
649
657
658
663
662
661
658
655
654
652
643
646
652
653
655
659
662
662
662
660
656
655
648
647
648
646
645
653
662
665
665
666
667
663
652
647
642
640
636
639
646
655
659
668
674
674
670
663
656
649
641
640
647
654
658
664
668
670
668
665
658
653
647
642
643
643
644
649
653
658
657
660
663
664
661
660
658
654
648
646
649
648
645
648
654
659
661
667
670
669
664
661
657
652
646
642
639
641
640
646
652
658
662
665
668
666
660
655
651
649
642
642
644
651
654
662
667
672
671
671
667
662
654
649
646
643
638
640
641
646
649
655
662
667
669
672
672
671
665
660
655
649
639
637
638
641
643
648
654
661
664
665
664
662
659
657
656
655
651
652
653
656
656
657
657
658
654
655
658
657
652
654
654
653
652
655
658
661
657
657
656
655
652
652
651
651
649
652
655
656
654
656
657
658
653
651
652
651
648
650
653
657
658
663
666
667
661
659
657
654
647
647
648
649
649
655
659
661
659
658
658
660
656
658
658
657
651
650
650
653
653
655
657
657
655
657
657
658
654
654
653
651
650
651
650
651
653
656
660
664
664
664
664
662
657
656
653
652
648
648
651
654
655
659
662
662
657
656
656
655
647
644
643
644
643
645
649
655
655
659
662
664
663
664
664
663
656
655
654
654
652
654
656
659
654
655
657
658
655
659
661
659
652
650
649
649
646
646
648
649
649
652
657
661
659
662
662
663
659
657
657
655
651
652
654
657
655
656
658
659
656
657
656
657
653
652
650
651
653
657
662
662
661
661
660
660
657
657
655
653
648
649
649
649
646
648
650
652
650
652
655
658
657
655
659
663
659
658
656
655
649
649
650
651
649
652
652
653
651
653
656
658
656
660
662
662
657
657
656
655
650
650
651
651
649
654
659
663
662
664
664
665
659
658
659
658
655
652
648
646
643
647
650
655
657
662
667
671
667
665
662
657
645
638
630
625
616
614
617
627
643
661
679
697
703
708
705
701
687
676
664
653
641
637
637
641
641
644
651
659
661
663
661
656
643
629
620
612
613
623
630
641
655
672
689
700
700
696
686
675
659
649
639
635
633
639
647
657
663
665
668
665
659
656
651
644
637
637
636
640
641
646
652
658
663
671
675
675
668
662
655
650
648
647
651
654
649
653
655
655
655
655
656
659
657
659
663
666
663
660
655
652
651
657
663
652
608
536
456
403
426
541
708
881
1022
1021
1022
1021
869
682
495
329
205
153
175
267
402
565
733
877
975
1017
987
908
801
681
557
459
403
390
415
476
563
662
751
821
859
869
847
798
726
649
581
530
503
506
527
560
606
653
697
740
770
774
757
718
671
629
597
581
579
591
609
631
658
688
707
715
712
703
689
671
646
631
627
623
624
634
647
657
654
652
658
670
683
684
675
653
638
637
639
639
639
635
635
642
648
660
675
688
689
679
652
626
613
618
637
658
674
688
687
679
675
666
653
637
628
628
641
648
657
664
667
668
661
658
653
654
656
656
659
659
657
653
646
643
642
648
657
655
656
663
669
671
669
663
657
651
644
643
642
644
646
651
657
660
660
668
670
668
663
661
656
647
641
639
640
645
650
655
664
671
669
668
664
657
650
646
643
643
646
651
661
668
671
673
672
667
661
657
654
649
646
645
641
640
641
646
651
656
660
664
665
662
660
659
660
658
656
655
654
651
649
649
650
652
650
655
655
656
657
658
657
656
655
655
654
656
655
657
660
658
654
653
653
653
655
657
659
656
652
649
648
645
645
648
650
653
655
658
659
660
660
661
662
661
659
660
657
654
651
649
650
650
651
652
652
655
657
661
662
661
659
658
657
655
653
652
654
655
655
656
659
658
659
660
661
659
659
658
657
654
651
652
653
651
647
648
651
652
650
653
658
660
660
662
662
662
660
659
656
653
651
651
653
653
655
657
660
660
660
660
658
655
653
652
649
650
648
647
647
655
658
659
659
655
650
649
649
651
651
654
655
658
659
660
663
662
661
663
661
658
654
652
649
648
644
645
646
651
652
658
661
665
665
664
665
660
655
652
649
648
645
645
647
648
651
654
658
662
663
666
667
665
661
660
656
651
647
646
644
646
649
655
660
665
667
667
667
663
658
655
652
650
649
651
653
654
656
658
658
659
655
654
651
647
646
650
655
656
657
657
657
657
655
655
657
655
653
654
655
654
653
655
656
654
653
657
659
657
655
655
656
654
654
656
657
654
651
648
647
648
652
654
658
661
661
664
663
663
658
658
655
651
645
642
642
643
646
656
665
669
668
668
667
667
665
661
661
654
643
643
642
645
647
655
655
657
657
657
661
659
653
651
655
656
657
656
658
652
650
656
656
656
655
660
649
644
646
655
659
659
653
659
659
658
656
660
657
652
654
662
664
659
660
645
633
647
654
664
661
652
655
658
651
655
649
645
654
659
651
654
653
654
657
664
667
654
652
653
662
665
666
664
663
654
652
638
638
644
656
665
666
664
662
661
661
658
657
657
655
653
647
643
641
640
643
647
654
660
664
667
669
666
662
657
652
647
645
645
646
649
651
655
658
659
661
663
662
659
656
656
654
652
650
652
652
653
652
653
656
653
654
658
660
663
666
670
672
669
662
656
649
641
634
631
631
632
637
647
657
665
667
669
670
669
663
653
639
621
611
610
618
633
651
672
691
705
713
719
720
715
701
687
671
657
645
637
632
628
625
627
630
632
636
643
650
654
655
657
659
657
653
650
646
641
639
640
644
647
648
650
653
654
653
656
664
669
671
677
680
676
668
662
653
645
636
635
636
638
639
645
654
659
668
676
679
676
669
661
652
643
636
638
638
643
648
656
663
667
671
673
673
667
658
650
643
638
632
637
642
649
657
666
672
677
678
678
673
664
658
653
650
644
643
646
651
656
658
663
662
658
655
650
648
645
644
648
653
657
660
663
666
661
653
646
638
631
630
629
631
636
646
662
678
688
689
690
685
678
662
648
638
634
633
638
644
651
657
664
666
667
666
666
665
661
656
651
649
645
645
647
643
635
638
652
672
690
694
680
654
625
603
601
615
639
661
677
686
687
692
695
691
683
667
655
648
642
630
625
628
632
634
643
651
652
657
662
659
664
663
658
657
655
654
652
655
653
647
646
651
662
674
686
689
682
668
654
639
629
622
623
627
631
640
648
661
673
688
694
695
684
669
658
659
637
640
615
627
641
645
649
651
652
653
663
680
691
687
669
656
647
641
638
640
642
644
654
665
671
674
672
664
650
638
629
626
630
635
641
652
658
665
671
679
685
693
690
685
672
649
631
616
606
606
620
641
661
677
690
691
685
678
671
660
650
642
635
632
631
632
644
658
668
670
675
674
670
666
657
651
641
635
631
630
631
638
651
668
679
688
693
691
684
671
658
645
631
622
620
626
635
646
657
666
671
669
668
666
658
655
653
650
646
643
646
649
655
659
663
665
668
667
668
666
661
656
654
653
649
642
638
636
639
643
650
658
666
673
680
679
677
670
662
654
644
638
636
635
638
641
648
656
663
668
672
675
674
671
666
659
651
645
643
643
644
646
649
652
656
658
661
664
663
660
657
655
651
650
649
649
652
653
655
661
665
664
665
664
659
656
653
649
645
646
649
651
655
654
655
655
655
653
654
655
653
652
651
650
650
649
651
653
654
655
660
665
668
668
667
664
657
649
643
642
641
643
649
656
660
665
670
674
677
671
666
662
654
644
640
638
637
638
642
647
652
659
666
671
672
670
667
661
653
647
644
642
638
637
642
649
656
663
670
674
673
668
663
659
652
646
645
646
647
648
653
657
661
664
666
665
663
658
655
652
646
642
642
645
648
653
659
664
667
666
666
665
662
655
653
651
646
642
640
644
645
651
658
667
670
671
669
665
659
648
642
638
637
638
643
648
655
661
670
673
673
673
671
667
661
654
649
646
642
644
648
647
652
654
656
660
662
661
661
659
656
653
652
652
651
650
652
654
655
650
652
655
655
655
656
659
660
660
659
657
654
652
650
651
650
648
650
651
653
655
660
662
662
659
658
660
657
655
655
656
655
654
655
656
656
656
657
658
659
657
657
656
653
647
646
645
645
647
649
653
654
654
657
662
664
664
663
663
659
657
656
657
656
655
656
656
656
654
655
654
652
649
650
649
647
646
650
653
656
659
662
666
666
664
665
663
660
655
653
650
649
648
651
654
656
657
659
659
658
659
659
659
658
656
655
656
655
652
652
651
650
648
648
650
653
652
656
658
659
660
663
665
662
657
655
655
652
651
652
653
654
654
654
654
654
652
655
656
656
654
652
654
652
648
648
649
652
656
660
663
663
663
664
663
664
659
658
656
652
649
648
648
648
647
651
653
658
660
665
669
667
661
656
653
646
642
642
643
645
648
653
658
662
663
667
670
668
662
655
651
646
643
643
643
644
645
650
656
663
666
671
673
672
668
663
658
650
642
639
638
639
638
644
650
657
661
667
668
668
663
659
654
650
645
644
645
645
649
654
660
666
667
669
671
669
662
657
654
650
649
650
655
660
664
670
669
666
660
652
647
643
639
637
639
641
643
648
653
656
660
665
665
664
659
655
652
649
646
646
646
650
653
659
663
666
670
670
668
663
658
652
652
651
650
653
658
660
663
667
663
661
659
657
655
651
646
649
650
652
652
655
656
658
657
659
659
659
654
653
653
653
652
651
653
654
654
654
654
651
649
651
650
654
655
661
664
664
660
658
659
659
657
655
655
653
649
651
651
647
645
645
643
639
637
645
655
664
668
674
675
671
662
654
646
640
634
637
643
652
659
668
675
677
677
673
669
661
650
642
640
636
635
637
641
645
653
662
672
677
678
676
673
664
657
652
648
646
643
646
653
659
665
667
668
668
661
657
652
645
640
639
640
639
642
646
654
657
646
630
617
616
626
653
683
704
713
706
688
665
649
650
670
700
732
758
766
752
711
655
588
518
464
435
434
466
523
602
686
762
821
858
864
843
797
738
672
605
552
518
507
516
544
587
636
682
721
746
757
750
728
698
664
629
604
588
586
594
612
637
661
681
694
703
703
695
679
664
648
636
633
652
688
678
612
540
479
478
516
618
754
857
942
977
945
861
739
609
483
387
333
326
366
446
543
662
774
853
883
893
870
814
735
655
587
536
497
485
513
559
617
661
723
759
784
791
773
735
690
648
606
567
540
538
564
607
644
674
710
744
755
733
703
679
649
618
588
584
592
603
620
649
675
699
705
701
691
685
675
654
628
619
624
620
615
628
646
663
673
681
690
691
688
680
670
658
647
626
618
624
632
640
651
661
671
670
667
664
663
656
650
649
656
652
657
669
666
662
662
650
640
638
637
635
638
641
650
655
662
672
677
682
683
679
673
663
654
639
631
630
627
635
644
649
659
672
675
679
676
670
664
659
652
649
649
643
639
644
644
647
652
654
658
662
661
662
665
661
659
656
653
654
656
659
659
655
651
652
647
641
643
651
657
656
658
659
663
664
659
655
653
652
649
651
654
654
653
654
657
658
659
660
661
659
655
654
653
652
654
660
663
664
663
662
660
652
645
642
644
646
648
652
655
656
659
661
664
664
661
659
657
655
650
651
652
652
652
656
655
655
655
657
658
658
657
658
659
657
655
653
651
650
651
652
653
655
655
656
656
655
655
657
658
657
657
658
657
655
653
653
654
653
651
652
654
655
655
657
658
658
657
656
655
653
651
653
654
655
654
656
658
658
660
662
662
660
657
654
652
651
649
651
652
652
653
655
656
653
652
651
654
655
659
662
664
664
663
662
659
658
655
656
655
651
650
649
649
649
649
652
653
656
656
659
658
657
656
656
658
655
653
652
652
651
650
651
655
656
657
661
662
660
657
656
656
652
651
653
656
655
655
656
656
653
651
654
657
657
655
656
656
654
650
648
649
651
653
657
660
657
655
658
661
665
659
653
649
645
647
651
653
654
655
659
659
658
657
657
658
656
654
653
654
656
659
661
664
665
667
667
666
663
658
655
652
649
643
643
645
647
649
653
656
657
657
658
658
658
657
657
656
655
652
652
653
652
652
654
655
656
656
660
660
659
656
656
655
652
647
648
649
649
649
650
654
657
657
661
662
659
656
655
655
654
652
653
654
653
651
652
655
655
655
657
657
655
655
656
657
657
657
657
658
658
658
658
658
656
655
654
654
649
645
645
650
656
657
658
658
659
660
664
665
664
661
660
655
650
646
645
647
650
651
652
654
655
656
659
662
661
660
660
659
656
653
652
651
651
651
655
657
660
658
659
658
655
651
650
650
650
650
653
656
658
659
662
661
656
652
651
650
649
651
651
652
655
657
660
664
663
659
656
655
652
649
650
650
648
647
649
651
652
653
659
664
666
666
667
666
664
660
658
654
645
640
641
646
651
655
660
664
668
666
666
668
665
660
655
654
650
644
643
642
642
645
650
658
663
663
664
662
661
656
653
650
648
645
647
650
653
656
660
663
663
662
659
656
654
649
649
650
650
649
652
654
655
655
657
658
657
654
651
650
650
651
655
660
663
665
664
663
659
654
651
649
648
647
649
651
652
652
654
658
660
660
662
661
659
657
658
658
657
653
653
651
648
647
649
653
657
660
663
665
665
663
662
661
659
656
653
647
644
642
643
647
647
651
655
660
663
666
669
670
667
661
656
651
646
643
643
643
645
649
653
657
659
660
661
662
662
659
659
655
650
647
648
650
650
651
654
659
661
662
663
664
665
662
660
656
653
648
649
649
646
647
650
655
657
658
662
664
666
665
666
664
661
658
657
658
658
657
661
664
662
658
657
653
648
643
642
640
639
635
634
635
637
639
646
653
659
663
671
676
678
674
665
652
636
619
606
599
598
605
623
647
677
705
732
749
752
743
723
692
653
613
578
556
548
555
586
625
667
701
727
740
737
722
701
673
643
616
597
591
594
608
633
659
683
700
710
716
710
693
670
650
629
615
602
555
418
205
0
0
0
0
132
662
1022
1021
1022
1022
1022
1022
904
176
0
0
0
0
0
0
0
0
0
377
1022
1022
1021
1022
1021
1022
1021
579
85
0
0
0
0
0
0
0
274
702
1022
1021
1022
1021
1022
1022
750
427
154
0
0
0
0
34
209
452
703
925
1022
1023
1022
1021
911
736
566
431
344
310
328
397
501
622
737
835
897
917
893
836
754
658
570
500
458
446
462
509
575
647
711
767
801
813
797
765
718
666
613
573
549
544
552
580
619
662
699
734
753
755
737
711
680
644
611
588
578
579
590
611
638
667
687
695
693
689
683
684
688
694
696
693
683
666
642
623
607
597
594
602
619
642
665
686
700
704
696
680
656
628
601
581
571
575
591
618
650
683
710
733
745
742
727
706
680
649
618
600
590
587
594
614
642
667
685
697
702
699
687
673
663
652
644
668
678
641
586
551
547
579
643
732
819
884
906
881
811
709
590
484
403
360
357
402
481
577
679
773
846
885
889
859
800
726
645
575
523
493
485
507
549
605
662
717
759
782
780
760
728
688
641
602
574
560
558
575
601
635
667
699
721
732
726
716
697
675
649
631
616
609
608
617
633
651
665
681
697
709
715
720
719
713
698
680
657
631
599
573
548
530
519
522
538
561
590
630
676
721
755
784
799
794
766
727
676
624
576
547
537
547
573
614
662
707
735
755
751
732
704
674
651
631
619
621
625
637
649
667
681
689
689
684
673
657
635
619
606
599
601
608
612
579
489
336
155
6
0
0
179
624
1021
1022
1022
1021
1022
1021
1018
174
0
0
0
0
0
0
0
0
0
282
1022
1022
1022
1021
1022
1022
1023
698
69
0
0
0
0
0
0
0
0
373
876
1022
1020
1022
1021
1022
977
594
248
0
0
0
0
0
26
252
547
847
1021
1022
1022
1022
1022
871
641
431
267
168
144
198
316
474
648
811
937
1007
1018
963
868
742
617
506
424
379
379
420
495
586
680
763
824
848
844
812
757
689
626
573
535
515
523
551
591
636
684
725
753
760
756
737
707
669
633
606
587
577
581
597
622
647
675
697
711
710
704
692
674
652
634
622
614
610
616
629
644
657
672
682
689
688
686
677
665
648
635
626
621
619
626
639
653
661
673
685
693
692
687
680
664
644
629
618
612
610
618
627
644
659
675
688
693
687
682
672
660
648
640
634
633
631
638
646
655
660
665
670
673
669
664
659
653
643
643
646
653
654
663
669
672
666
664
663
674
684
698
701
691
667
639
611
589
572
574
585
611
639
672
703
726
734
734
719
694
662
634
610
594
583
583
596
616
638
664
691
709
714
714
704
687
665
644
628
616
611
614
624
639
651
667
679
687
686
683
675
666
653
643
637
635
633
639
646
654
655
661
665
669
667
667
664
659
651
648
649
649
647
650
655
658
659
662
664
664
659
657
655
653
645
643
643
644
643
650
656
661
661
666
668
668
661
658
654
652
647
648
650
653
652
655
659
661
657
657
655
654
650
651
651
652
650
652
654
656
655
656
658
660
655
656
657
658
656
656
655
655
651
652
653
650
647
653
660
663
661
662
663
663
659
659
657
654
648
646
647
649
652
657
661
662
659
658
657
657
655
655
654
654
652
650
653
653
650
651
651
654
653
654
655
657
656
660
662
662
658
655
652
651
646
646
648
651
652
657
661
665
662
662
661
661
656
654
652
653
650
651
653
657
655
658
659
659
656
656
657
657
653
654
654
656
651
654
657
658
655
657
657
659
656
659
661
660
656
653
648
645
640
640
644
648
650
654
657
663
662
666
669
666
659
654
648
644
638
643
649
654
655
656
660
665
663
664
664
663
657
656
655
654
651
653
655
657
655
657
660
661
659
660
660
658
651
648
648
648
646
650
655
659
659
662
663
664
656
654
651
649
645
645
646
649
649
654
657
659
660
662
662
661
656
655
653
651
647
646
648
651
651
657
658
662
661
664
663
662
657
653
649
644
639
639
645
650
653
659
663
668
667
669
669
667
661
657
652
649
643
642
645
651
653
657
660
664
661
661
659
657
651
651
650
650
647
650
653
655
653
656
657
658
656
656
656
659
656
656
657
657
655
656
657
658
655
655
655
655
649
647
647
648
649
654
657
659
658
659
662
663
662
662
661
661
654
650
647
648
646
650
656
661
661
664
666
664
656
651
648
648
645
647
648
649
647
649
654
656
656
658
658
662
661
663
666
664
660
659
656
652
646
645
644
647
646
649
653
656
656
658
660
662
659
659
657
656
650
649
650
651
649
651
656
660
659
661
663
663
661
662
660
658
652
650
650
650
646
649
653
656
657
661
665
668
667
669
669
664
655
649
645
641
637
640
646
654
657
665
671
675
674
673
668
663
654
650
648
647
643
646
649
650
644
638
629
619
605
600
603
610
623
643
668
691
707
719
725
723
703
679
651
627
604
601
610
630
652
677
696
701
692
677
654
634
617
613
616
626
638
655
679
699
707
714
709
693
667
642
621
607
596
599
607
624
639
662
680
693
695
696
689
681
665
619
482
245
0
0
0
0
1
267
1014
1021
1020
1022
1022
1021
1021
557
0
0
0
0
0
0
0
0
0
0
551
1022
1021
1022
1021
1021
1021
1022
425
0
0
0
0
0
0
0
0
302
773
1021
1022
1022
1022
1021
1021
640
283
1
0
0
0
0
0
141
423
722
990
1021
1022
1021
1021
967
760
554
381
261
212
233
312
436
586
734
855
939
972
953
887
792
682
576
488
429
411
431
480
554
639
719
781
821
836
822
781
727
666
610
563
535
529
539
563
600
644
686
716
738
744
737
715
688
660
633
610
594
591
596
607
629
653
677
693
705
708
701
685
669
654
640
629
625
625
632
639
652
666
677
681
675
659
643
634
634
648
667
686
698
703
698
679
653
627
605
589
583
590
608
632
662
693
717
733
738
730
711
679
640
604
575
557
553
563
582
605
632
662
691
714
731
741
740
726
705
683
657
628
605
590
588
592
607
632
671
718
721
686
645
614
610
636
691
755
814
851
847
800
720
619
519
435
384
374
405
473
562
662
748
814
854
865
846
797
732
662
598
545
513
508
526
560
604
655
704
738
759
764
753
726
689
651
617
591
573
571
584
605
633
662
689
707
717
717
706
687
665
643
624
609
605
610
623
637
657
676
695
703
709
709
704
691
676
663
650
638
633
633
638
645
656
666
669
661
645
626
603
582
569
568
578
597
625
659
692
719
736
742
735
712
683
648
614
585
569
568
584
611
652
693
728
749
758
752
730
693
653
617
590
571
570
585
608
634
663
687
705
712
712
707
696
677
658
644
633
624
622
626
635
630
567
368
89
0
0
0
0
153
855
1021
1022
1023
1021
1022
1021
773
1
0
0
0
0
0
0
0
0
0
341
1021
1021
1022
1021
1022
1021
1021
510
0
0
0
0
0
0
0
1
99
560
1022
1022
1022
1022
1021
1021
821
419
73
0
0
0
0
0
40
291
616
921
1023
1022
1021
1021
1021
814
581
376
228
153
157
234
370
535
711
864
970
1020
1009
930
817
689
565
463
397
372
394
452
535
629
720
794
837
850
833
791
728
660
598
549
520
513
528
561
604
653
703
743
764
770
758
731
694
655
620
591
572
569
580
601
626
655
681
700
710
709
703
691
674
658
643
630
620
617
620
629
638
654
664
674
682
684
683
675
661
649
642
642
647
656
667
673
668
663
654
642
631
628
631
635
641
649
660
666
669
670
670
670
663
658
655
653
646
644
643
645
645
647
654
659
660
661
661
661
657
656
654
654
651
649
648
648
647
650
655
663
668
671
671
670
664
655
647
640
635
633
637
639
644
649
657
663
666
669
672
672
669
668
667
664
658
654
651
646
642
643
646
651
653
658
660
663
662
666
674
690
671
627
586
568
570
598
652
711
761
792
795
772
727
675
619
570
534
518
523
549
586
632
677
719
744
755
752
736
707
676
643
614
592
580
582
594
613
636
664
686
701
709
711
702
688
665
647
630
617
613
616
626
635
647
663
676
682
685
684
677
667
653
642
634
627
625
630
637
642
653
663
670
672
673
671
667
660
652
646
641
640
642
648
652
653
660
666
670
671
670
667
661
654
647
645
644
644
646
651
654
655
657
660
659
659
659
659
657
656
654
656
659
656
654
655
656
656
657
659
659
658
655
653
654
654
654
657
658
657
657
657
656
654
653
653
650
648
648
651
655
659
664
668
671
670
667
664
659
651
643
640
638
637
640
644
649
652
659
667
668
664
664
665
664
657
650
647
648
648
651
657
662
667
669
671
671
667
664
659
653
645
640
639
639
640
645
650
656
660
664
667
666
661
654
649
643
636
630
630
638
646
657
667
675
681
681
679
671
660
652
644
639
633
633
635
639
646
654
663
671
674
673
670
665
657
651
647
645
642
644
648
651
653
657
662
666
666
665
662
659
653
651
652
651
648
648
649
651
653
652
656
659
660
661
662
663
659
659
660
657
655
653
652
649
648
649
652
653
655
655
658
658
656
658
659
659
656
654
655
656
653
650
649
649
649
649
652
653
655
659
662
665
665
666
665
663
659
654
654
654
651
650
651
651
650
651
655
661
665
663
667
668
664
660
658
656
651
650
650
651
650
648
648
648
646
646
648
652
653
654
658
663
661
661
662
661
658
657
660
661
659
656
654
647
639
630
623
618
614
613
620
632
648
670
705
734
749
751
735
703
656
606
562
531
512
515
545
594
654
720
780
821
833
819
783
730
666
601
542
498
475
480
511
561
623
691
752
797
821
822
799
752
693
628
571
525
501
498
521
562
613
667
709
670
484
132
0
0
0
0
103
907
1022
1021
1022
1021
1022
1021
790
0
0
0
0
0
0
1
0
0
0
557
1020
1022
1021
1022
1021
1022
1023
150
0
0
0
0
0
0
0
0
385
981
1021
1022
1022
1022
1021
1021
508
103
0
0
0
0
0
0
159
509
862
1021
1021
1022
1021
1022
923
656
407
213
96
63
97
190
355
550
747
913
1022
1022
1021
946
819
676
538
428
359
336
359
423
517
625
729
814
869
888
869
821
753
674
597
536
495
483
493
527
580
642
700
749
782
794
781
755
717
674
629
594
571
565
569
585
611
639
664
686
704
714
715
707
696
680
662
647
635
628
622
621
628
636
644
655
667
676
679
678
674
667
657
648
641
636
633
634
640
647
655
663
671
675
675
671
665
657
649
644
642
640
642
650
655
658
656
656
655
655
652
650
650
651
650
655
662
671
681
689
693
688
671
647
618
593
569
553
552
564
589
625
663
703
735
756
764
756
738
708
677
647
623
609
607
614
639
649
643
640
653
681
717
747
763
763
742
699
643
582
534
504
492
504
539
585
638
689
733
762
772
766
743
711
669
632
601
579
571
576
596
623
651
677
701
716
719
710
693
671
644
615
625
624
616
614
624
636
656
682
706
712
705
690
676
659
638
622
616
616
619
627
642
660
672
682
691
692
684
676
666
657
645
637
633
636
640
647
656
662
661
662
661
658
654
651
650
650
649
648
650
653
652
656
662
665
665
665
665
662
655
651
648
647
644
641
643
645
648
653
660
664
664
666
666
660
653
648
645
647
649
651
656
664
668
674
677
672
663
653
642
633
625
624
629
636
646
657
667
676
683
686
685
678
665
653
643
635
629
626
631
637
646
653
664
673
675
676
675
670
661
654
648
642
639
639
643
647
651
655
659
662
662
663
665
666
663
660
660
658
654
654
652
649
647
645
646
647
649
651
656
660
660
659
660
659
656
655
655
654
653
652
653
654
652
653
654
657
656
659
662
664
665
664
665
666
663
658
655
653
650
652
650
648
646
649
652
655
657
660
662
665
663
664
664
663
659
655
653
649
645
644
646
649
650
650
653
656
657
657
658
658
655
654
653
649
646
646
648
652
653
656
661
663
661
659
657
654
650
649
648
649
647
649
653
657
657
658
657
656
655
656
657
657
657
657
658
659
656
656
655
652
650
650
651
654
654
656
659
661
660
660
660
660
655
652
651
651
649
650
651
653
655
656
658
658
656
657
658
661
659
659
661
658
658
658
659
658
653
648
644
645
644
647
651
655
655
655
657
658
657
657
657
655
652
649
651
652
651
651
652
655
656
658
661
664
666
668
669
668
662
656
653
649
645
648
651
654
655
656
658
658
655
652
651
652
651
649
650
650
648
651
651
653
654
653
652
655
655
657
660
663
663
665
669
670
668
663
658
652
643
639
640
644
646
656
659
659
658
657
655
653
652
651
650
652
653
654
658
659
658
659
660
659
656
653
651
650
650
649
652
652
651
650
654
656
657
662
665
667
665
663
660
657
652
647
647
647
646
648
650
652
654
658
661
664
664
662
660
658
654
650
650
651
648
648
652
656
659
661
664
664
661
658
655
653
651
650
655
659
660
664
667
664
657
650
646
643
643
646
655
664
668
669
671
668
662
657
651
644
639
638
641
644
648
652
657
659
656
653
648
639
625
615
607
604
606
615
634
658
684
708
728
750
750
733
707
674
638
611
593
589
595
610
631
650
663
669
671
668
664
663
666
668
673
669
668
663
652
646
641
641
641
646
654
663
671
678
684
683
671
654
640
622
611
606
607
617
633
655
675
694
703
700
698
691
680
638
470
104
0
0
0
0
0
497
1021
1021
1022
1021
1022
1022
1021
149
0
0
0
0
0
0
0
0
0
422
1021
1021
1022
1022
1022
1021
1021
425
0
0
0
0
0
0
0
0
141
708
1022
1021
1022
1022
1022
1021
699
277
0
0
0
0
0
0
0
260
613
950
1020
1021
1022
1021
1021
842
582
352
184
92
87
145
278
453
647
830
972
1022
1022
1009
880
741
597
471
381
338
347
398
483
589
699
794
859
891
885
847
783
703
623
553
502
478
484
513
559
615
673
722
757
775
772
753
718
678
640
607
586
577
580
594
615
643
673
700
716
725
723
711
687
661
635
613
596
591
597
611
634
656
681
703
714
716
708
695
670
645
621
601
588
587
600
620
644
668
691
708
714
713
705
689
666
645
627
613
606
605
614
629
646
659
676
687
692
691
687
676
660
647
636
628
624
628
635
646
656
666
675
680
679
676
671
663
654
646
642
641
642
642
646
653
660
667
675
680
680
677
670
655
633
614
598
589
584
591
607
630
653
679
705
723
730
728
720
702
677
651
628
608
594
593
602
620
642
667
687
698
701
696
687
674
657
651
654
625
582
565
583
630
695
765
823
852
843
798
726
637
547
472
424
412
434
491
568
651
727
787
821
829
809
766
714
657
605
566
546
544
554
582
621
663
698
725
739
743
730
707
678
648
619
598
585
585
595
615
639
665
686
703
715
714
704
690
674
654
633
617
607
607
612
625
641
657
667
676
684
688
683
674
665
656
645
637
633
628
630
634
643
653
661
669
677
681
680
676
670
661
650
639
633
632
634
636
645
656
666
675
679
676
669
663
657
650
643
637
637
640
643
650
654
659
663
666
668
670
668
664
660
656
650
644
641
641
640
646
655
660
661
663
666
667
663
657
651
647
645
645
647
649
652
657
663
667
669
669
668
665
658
650
645
640
636
636
639
643
645
653
660
666
667
669
670
668
662
658
655
652
648
647
649
651
652
656
661
664
662
661
661
658
655
654
652
650
648
647
651
653
654
655
656
656
656
657
658
659
656
657
657
653
648
646
648
650
652
651
655
657
657
657
658
657
654
652
652
650
648
648
649
653
653
655
660
661
660
660
657
657
656
659
661
664
665
663
665
664
662
660
658
656
650
647
645
644
644
647
649
650
653
658
661
664
663
664
664
661
654
647
641
640
640
643
648
655
656
660
665
667
665
662
658
653
646
644
645
648
649
650
655
658
658
658
659
658
656
657
657
657
653
651
652
655
655
655
656
659
659
658
657
657
652
652
652
653
651
653
654
656
656
658
661
663
660
657
655
655
648
645
644
645
652
660
667
670
669
668
665
660
654
647
644
642
641
643
647
652
656
662
666
668
666
661
656
653
649
647
647
648
649
653
658
661
662
664
663
660
657
654
652
648
646
647
647
648
650
655
660
663
662
663
663
662
662
660
658
655
652
651
654
656
655
